607 9
-1.9859 -1.5693 -1.3171 -1.0153 -0.8388 -0.50833 -0.072565 0.87592 1.0401 1
-0.95751 -0.2933 -0.31041 -0.48616 -0.60233 -0.34393 0.19996 0.78148 0.73078 1
-0.68869 -0.16448 -0.023308 0.0050553 0.094026 0.25224 0.47713 0.59518 0.66824 1
-1.4773 -0.82847 -0.4499 -0.13067 0.23432 0.54116 0.92478 0.966 1.2817 1
-1.5989 -1.1172 -0.72365 -0.41308 -0.25401 -0.071934 0.26952 0.20452 -0.2773 1
0.062156 0.58146 0.87458 1.1561 1.4547 1.3485 0.97157 0.76038 0.88636 1
-0.054197 0.26986 0.4324 0.46123 0.35636 0.032402 -0.37684 -0.44839 0.055778 1
-1.0923 -1.1869 -0.71448 -0.34298 -0.1029 0.15997 0.30361 0.73613 1.2959 1
-1.1877 -1.0693 -0.24521 0.35103 0.63884 0.95213 1.114 1.3753 1.6734 1
0.62475 1.1369 1.1431 0.84744 0.71193 0.50079 0.18302 -0.18716 -0.54524 1
0.39885 1.3338 1.3354 1.1697 0.94216 0.60574 0.39011 0.28054 0.34131 1
-0.66239 0.48819 1.211 1.5861 1.7648 1.8394 1.6434 1.3192 1.1343 1
-0.62461 0.58483 1.4053 1.7146 1.7229 1.579 1.5247 1.2212 0.99378 1
0.1388 0.63599 0.93667 0.93429 1.1286 1.3256 1.3291 1.0503 0.97795 1
0.20365 -0.13498 0.30497 0.53969 0.92394 1.0546 0.95724 0.80141 0.95586 1
-0.41693 -0.19455 0.0017499 0.039216 0.16642 0.23935 0.54373 0.85215 0.67204 1
-0.84814 0.16178 0.39208 0.4421 0.53555 0.54442 0.64516 0.52947 0.1398 1
-0.40322 -0.67741 -0.87701 -1.1014 -1.0854 -0.95588 -0.69507 -0.21009 -0.06421 1
-0.27494 -0.47374 -0.69701 -0.64971 -0.45126 -0.007683 0.1984 0.34125 0.33448 1
-1.344 -1.4578 -1.2307 -0.92467 -0.71461 -0.5727 -0.044898 0.57388 0.60125 1
-1.2838 -1.2688 -1.1188 -0.76602 -0.42536 -0.16426 0.39508 0.7753 0.85466 1
-0.010307 -0.62054 -1.1963 -1.2544 -1.2262 -0.97608 -0.66433 -0.28372 -0.12749 1
-0.2388 -0.70257 -1.0997 -1.2441 -1.3592 -0.73502 -0.13865 0.14035 0.30602 1
-0.61342 0.30491 0.77231 0.87272 0.93393 0.80825 0.48173 0.18107 0.073906 1
-0.70031 0.0092258 0.60554 0.82388 1.0116 1.0676 0.89185 0.65743 0.57812 1
1.6099 1.4031 1.6221 1.6432 1.5946 1.542 1.4718 1.3332 1.1822 1
2.0186 2.9849 2.6718 2.2864 1.9788 1.7438 1.6612 1.6285 1.3899 1
-1.0127 -1.1505 -1.2237 -1.4623 -1.8931 -1.9328 -1.672 -0.7648 0.093533 1
-0.1831 0.19297 0.12507 0.4403 0.64908 0.58089 0.29548 -0.18261 -0.47307 1
0.023532 0.28463 0.13696 0.45502 0.66072 0.59313 0.34303 -0.13927 -0.30683 1
0.3133 -0.21334 -0.14128 0.65754 0.79041 0.67593 0.85644 0.82489 0.49672 1
-0.092315 -0.27513 -0.04956 0.49522 0.58862 0.48362 0.67775 0.57507 0.14187 1
0.041239 -0.15296 0.14827 0.56576 0.51703 0.33309 0.058598 -0.17009 -0.0211 1
-0.32215 -0.45506 -0.23381 0.133 0.14354 -0.044962 -0.4542 -0.8 -0.92949 1
-0.30644 -0.58628 -0.29502 -0.038278 0.13167 0.24931 -0.093926 -0.32936 0.2338 1
-0.96106 -1.288 -1.2398 -1.1886 -0.84141 -0.49293 -0.39119 -1.0595 -0.61275 1
0.16685 0.34864 -0.31653 -0.80619 -0.99173 -0.74876 -0.077599 0.46186 0.81249 1
0.59382 0.78303 -0.017585 -0.55864 -0.69807 -0.42499 0.18199 0.8682 1.0353 1
-0.83547 -1.1782 -0.88948 -0.39022 -0.20604 0.096896 0.45166 0.32735 0.061702 1
-0.78802 -1.0778 -0.78423 -0.34489 -0.082952 0.25441 0.19138 -0.085752 0.16117 1
0.44838 0.26208 0.027758 -0.045752 0.23834 0.77042 1.2291 1.1021 1.3164 1
0.17658 -0.059572 -0.2798 -0.098925 0.18753 0.64827 0.84703 0.82283 1.0674 1
0.16584 -0.066986 0.46135 1.0313 1.0587 0.9523 0.84607 0.55949 0.41835 1
0.23905 0.14662 0.74352 1.159 1.2188 1.15 0.85951 0.53871 0.5463 1
-0.68111 0.5013 1.3388 1.7001 1.7158 1.6206 1.4832 1.3286 1.4655 1
-0.13844 0.5413 1.2581 1.4635 1.4972 1.3948 1.3541 1.2273 1.4821 1
-1.3203 -0.96272 -0.88768 -1.0546 -0.99131 -0.86642 -0.3606 0.0058667 0.29457 1
-0.55171 -0.0058114 -0.090505 0.029516 0.24978 0.57571 0.98879 0.88562 0.74741 1
-1.3733 -0.77853 -0.52594 -0.56178 -0.75077 -0.84643 -0.73638 -0.12698 0.50322 1
-1.3971 -0.66581 -0.47709 -0.44332 -0.53562 -0.45584 -0.37297 0.26096 0.29881 1
-0.40383 0.21232 0.46657 0.94002 1.1567 1.2959 1.275 1.3313 1.0728 1
-0.35224 0.20597 0.43986 0.74031 0.92507 1.2706 1.2899 1.3781 1.0901 1
-0.38759 0.27764 0.93118 1.0755 1.0664 0.8295 0.56352 0.28529 0.25548 1
-0.36273 0.096297 0.63171 0.87043 0.87803 0.71081 0.54512 0.35286 -0.053103 1
0.74229 0.66898 0.78093 0.94905 1.0196 0.99963 0.78402 0.60398 0.40523 1
-2.3127 -2.4974 -2.4023 -2.0814 -1.7549 -1.4357 -0.82183 -0.26778 0.46234 1
-2.241 -2.0963 -2.0349 -1.6491 -1.3111 -0.74856 0.0070859 0.52575 0.82899 1
0.10649 -0.052194 -0.12501 -0.031579 -0.021867 0.19116 0.35789 0.96291 1.3161 1
-0.45047 -0.46074 -0.45381 -0.41515 -0.36776 -0.47517 -0.57194 -0.2854 0.62961 1
-0.13445 0.058052 0.11166 0.011225 0.1376 0.64847 0.85715 0.92268 1.0055 1
-0.072652 0.30247 0.37874 0.48638 0.70211 1.0187 1.0684 1.0669 1.1783 1
-0.30288 -0.17786 0.23209 0.4953 0.40616 0.16725 -0.11088 -0.44487 -0.40015 1
0.20662 0.22214 0.58578 0.49258 -0.057518 -0.71798 -1.2596 -1.5812 -1.2901 1
-1.0875 -1.1874 -1.1081 -1.1246 -0.93712 -0.81186 -0.25922 0.11884 -0.14254 1
0.99895 1.1243 1.1537 1.5829 1.9862 2.6012 2.6363 2.6397 2.4972 1
-0.86918 -0.15166 0.53175 0.71566 0.74344 0.64657 0.56538 0.78341 0.5471 1
-0.039394 0.18182 0.57533 0.72637 0.75376 0.48803 0.45138 0.40408 -0.069736 1
-0.26069 0.47056 0.86161 0.78173 0.69296 0.65722 0.69759 0.56097 0.6223 1
-0.14478 0.52509 1.2406 1.355 1.4094 1.2458 0.98038 0.72165 0.78172 1
0.36898 -0.022661 -0.60346 -0.33265 0.19807 0.52199 0.73106 0.82993 1.0247 1
-0.59319 -0.80162 -0.95975 -0.40503 0.063558 0.17018 0.22503 0.035447 -0.043399 1
-0.7489 -0.047365 -0.14426 -0.32814 -0.35626 -0.14131 0.33961 0.33996 0.34681 1
-0.59738 -0.14559 -0.42679 -0.64888 -0.7152 -0.49259 0.012675 -0.1007 -0.29501 1
0.57591 1.3114 1.1169 0.76657 0.48293 0.35903 0.41097 0.3666 0.19922 1
0.39483 1.681 2.0237 1.8215 1.5562 1.5284 1.5635 1.2599 0.91979 1
-0.056553 0.216 0.89003 1.2304 1.2196 1.08 1.0584 0.92315 0.78475 1
0.684 1.6554 1.516 1.4348 1.3466 1.169 0.99417 0.93346 0.97704 1
-1.1791 -0.8228 -0.49397 -0.0359 0.32648 1.0247 1.3497 1.1508 0.98538 1
-1.2468 -0.75589 -0.29875 0.26441 0.76248 1.2904 1.4856 1.3128 1.1077 1
0.13695 0.42944 0.39467 0.52672 0.66071 0.557 -0.014213 -0.57448 -0.55685 1
-0.39829 0.099679 0.64666 0.82807 0.62459 0.23885 -0.13696 -0.47162 -0.62619 1
-1.1063 -1.5937 -1.9111 -2.1328 -2.3189 -2.5096 -2.4586 -1.8501 -1.2348 1
-1.1355 -1.7634 -2.0019 -2.1197 -2.2249 -2.4626 -2.5305 -1.9463 -1.0712 1
-0.49406 0.41968 0.69464 1.1162 1.3114 1.5181 1.5449 1.3762 1.2293 1
-0.82693 -0.16576 0.29048 0.59741 0.7595 1.0409 1.0454 0.73935 0.59039 1
-1.7756 -1.3757 -1.5068 -1.3279 -1.0511 -0.27304 0.40504 0.84083 0.92076 1
-1.6367 -1.1791 -0.83847 -0.54389 -0.052024 0.61503 0.88126 0.90108 0.96103 1
-1.0878 -0.40298 0.18396 0.76818 1.0092 1.1333 1.0638 1.0326 0.95852 1
-0.99377 -0.28637 0.25247 0.76373 1.0406 1.2657 1.3414 1.3382 1.204 1
0.1235 0.36208 0.019182 0.2858 0.96964 1.2681 1.0467 1.0883 1.4177 1
0.66731 0.8431 0.63891 0.9587 1.4132 1.3981 1.22 1.2062 1.1856 1
1.1326 1.3257 1.2653 1.1927 0.98065 0.8424 0.86133 1.0166 0.86197 1
-0.37597 0.26685 0.71463 0.8908 0.94001 0.9924 0.96121 0.83149 0.58661 1
-0.5645 0.03514 0.40051 0.59578 0.70579 0.74774 0.66495 0.37619 0.28021 1
-1.0986 -0.77674 -0.40061 -0.23788 -0.070165 0.23748 0.51577 0.34057 0.35153 1
-0.97958 -1.0469 -0.98471 -0.92697 -0.8787 -0.73771 -0.6357 -1.0086 -1.054 1
-0.73989 -1.086 -0.77362 -0.44179 -0.069344 -0.12783 -0.30638 -0.33068 -0.30575 1
-0.64892 -0.31726 0.33484 1.023 1.2609 1.174 1.1194 1.1136 0.96415 1
-1.2035 -0.87068 -1.0763 -0.52305 0.060202 -0.030391 -0.53792 -1.0037 -0.5638 1
-1.9144 -1.1053 -0.67466 -0.083317 0.36633 0.64161 0.75319 0.70369 0.83064 1
-0.81077 -0.0079048 0.18938 0.25604 0.49686 0.99001 1.5503 1.8591 1.581 1
-0.86379 -0.23159 -0.22403 0.021402 0.63207 1.0833 1.474 1.678 1.2378 1
-0.032123 0.19688 -0.35487 -0.32611 0.18585 0.46291 0.77032 0.89361 1.1093 1
-0.41821 -0.0012287 -0.41986 -0.50047 -0.10048 0.34767 0.71932 1.0293 1.1886 1
-1.2215 -0.80273 -0.33289 0.16676 0.58542 0.88624 1.2311 1.4698 1.4296 1
-0.86563 -0.13011 0.3986 0.91462 1.3363 1.6217 1.7274 1.7042 1.6727 1
-0.2984 0.66744 1.3483 1.6775 1.6645 1.5976 1.6593 1.4454 1.158 1
-0.28721 0.54311 1.2498 1.7263 1.6572 1.5704 1.5592 1.3531 0.89831 1
0.60039 0.23723 0.36362 0.58273 0.72965 0.64332 0.50345 0.62761 1.0912 1
0.69692 0.082835 -0.052777 0.20949 0.46145 0.43831 0.23187 0.24513 0.64285 1
-0.56666 -0.97647 -1.3832 -1.5452 -1.4468 -1.0026 -0.59117 -0.46347 -0.37263 1
-0.46946 -0.93907 -1.2977 -1.3733 -1.2407 -0.84474 -0.62155 -0.61731 -0.85645 1
-1.2655 -1.1339 -0.82798 -0.89755 -1.0584 -1.0487 -0.79361 0.20305 0.73288 1
-1.7619 -1.7675 -1.651 -1.6579 -1.874 -2.1454 -2.4377 -1.524 -1.4846 1
-0.25644 -0.35201 -0.54888 -0.75956 -1.0275 -0.98647 -0.80697 -0.1255 0.53819 1
-0.80191 -0.55194 -0.58066 -0.5976 -0.26374 0.17431 0.61888 0.7422 0.67866 1
-1.745 -1.6948 -1.5128 -1.1676 -1.0512 -0.96275 -0.70454 0.074725 0.23655 1
-1.6035 -1.2441 -0.95893 -0.79865 -0.74769 -0.60657 -0.32478 0.80701 1.2988 1
-1.2696 -1.0775 -0.92245 -0.49559 -0.32758 0.00621 0.40796 0.34356 0.29233 1
-1.2576 -1.2015 -1.1608 -0.85862 -0.79449 -0.5929 -0.1485 -0.078205 -0.14666 1
-1.3674 -0.64571 -0.35011 -0.086373 0.044463 0.28282 0.48383 0.6876 0.49024 1
-0.53399 -0.63918 -0.58993 -0.47446 -0.20595 0.18366 0.39778 0.33474 0.30376 1
0.26983 0.97329 1.2921 1.2132 1.3485 1.7073 1.9013 1.8982 1.5172 1
-0.0059982 0.63554 0.91295 0.87113 0.99674 1.3995 1.6444 1.8358 1.5141 1
-1.0411 -0.69992 0.32277 0.66677 0.71567 0.56761 0.3575 0.04987 0.10458 1
-0.90899 -0.46381 0.2737 0.64526 0.67715 0.5063 0.32301 0.144 0.094604 1
-1.9385 -2.1346 -2.0708 -1.6917 -1.6307 -1.8457 -1.6891 -0.98496 -1.0381 1
-1.6961 -1.528 -1.2995 -0.85836 -0.68166 -0.62041 0.096361 0.54179 0.58908 1
-0.93302 -1.546 -1.4949 -1.0874 -1.0828 -0.76944 -0.2205 0.075255 -0.10876 1
-1.6521 -1.7017 -1.5947 -1.0542 -1.0349 -0.72027 -0.28283 0.26431 0.15775 1
0.58361 0.070918 0.39073 0.44933 0.45932 0.6376 0.66331 0.76215 0.66831 1
0.55334 0.07921 0.48634 0.55212 0.71214 0.63739 0.50485 0.57497 0.81751 1
-0.3608 0.29844 0.55382 0.35133 -0.016493 -0.50979 -1.1142 -1.6559 -2.0088 1
0.093792 0.45231 0.42456 0.36676 0.28776 0.12031 -0.36373 -0.85816 -0.94002 1
0.48787 0.34458 0.58073 1.1779 1.2131 0.92648 0.7819 0.74659 0.54663 1
-0.05246 -0.13355 0.16395 0.59083 0.81506 0.58889 0.19575 -0.0648 -0.19937 1
-0.042356 0.35991 0.35882 0.24953 0.19469 0.035017 0.10769 0.64931 0.75285 1
-0.53267 -0.23694 0.081446 0.48051 0.63855 0.8294 0.98796 1.0204 0.99848 1
-0.3556 -0.34816 -0.11823 0.24795 0.39452 0.71544 0.68376 0.4665 0.58259 1
-0.69496 -0.12243 0.062791 0.17455 0.33484 0.73549 0.91602 0.64804 0.44107 1
-0.15358 1.0342 1.188 1.3157 1.217 1.0734 0.91244 0.69504 0.61786 1
0.57448 1.6029 1.6254 1.6978 1.5676 1.362 1.2389 1.0942 0.94546 1
0.36869 0.36911 0.075448 0.1979 0.58298 1.116 1.1079 0.87878 0.99603 1
0.032748 0.11454 0.006634 0.29051 0.70849 1.1006 1.0985 0.96153 1.0938 1
-1.4671 -1.1169 -0.91887 -0.82917 -0.56288 -0.056576 0.46178 0.57274 0.66942 1
-0.83543 -0.77563 -0.77424 -0.73123 -0.34289 0.16196 0.84495 0.92168 1.0804 1
-1.2119 -1.4388 -1.0509 -1.0281 -1.2086 -1.3864 -1.0597 -0.76457 -0.28049 1
-0.98537 -1.0421 -0.80142 -0.87907 -1.1308 -1.0206 -0.61188 0.14249 0.65899 1
-0.47122 -0.73738 -0.80521 -0.70183 -0.52717 -0.66539 -0.81113 -0.90329 -0.63629 1
-0.46197 -1.0581 -1.0025 -1.028 -0.8978 -1.081 -1.2748 -1.574 -1.2986 1
-1.5361 -1.2688 -0.84438 -0.51739 -0.26999 -0.058818 0.59576 1.462 1.6713 1
-1.8091 -1.4145 -1.9099 -2.2204 -2.2588 -1.8003 -1.0523 -0.6522 -0.31264 2
-1.1232 -1.3591 -1.6133 -1.5944 -1.2837 -1.206 -0.57135 0.40371 0.62261 2
-0.97026 -0.68508 -0.57669 -0.41906 -0.21667 -0.09725 0.57554 1.3567 1.2109 2
-1.7802 -1.6081 -1.9476 -2.0676 -1.935 -1.5418 -1.0695 -0.24763 0.32075 2
-0.82643 -0.9638 -1.3083 -1.8996 -2.187 -2.2692 -1.6368 -0.91858 -0.79913 2
-0.65028 -1.1122 -1.2251 -1.0003 -0.97256 -0.62364 -0.52776 -0.51426 -0.67406 2
-0.53681 -0.54552 -0.16803 -0.066529 -0.0055365 -0.34343 -0.89217 -1.1925 -0.91352 2
-0.4132 -0.30886 0.13249 0.3301 0.27001 0.055274 -0.38193 -0.86546 -1.1907 2
-0.63135 -0.58042 -0.29869 -0.33419 -0.2392 -0.10928 0.055031 0.1528 0.056368 2
-0.66592 -0.73286 -1.1563 -1.3116 -1.5284 -1.2586 -0.54724 0.024386 0.10044 2
-1.1464 -0.63755 -0.52969 -0.41991 -0.28145 -0.064657 0.2434 0.29459 0.097384 2
-0.61382 -0.14965 0.063043 0.33159 0.53177 0.70967 0.79647 0.76601 0.69197 2
1.4236 1.6227 1.2456 0.92235 0.59092 0.27106 -0.010272 -0.21665 -0.06738 2
1.8802 1.9065 1.5152 1.267 1.0198 0.80182 0.67031 0.61792 0.72695 2
1.3029 1.1182 1.283 1.33 1.298 1.2536 1.2522 1.4702 1.1274 2
0.54963 0.36657 0.10724 0.10211 0.26916 0.29822 0.59363 1.1079 0.89979 2
-1.4934 -1.0783 -0.84051 -0.90458 -1.0997 -1.22 -0.97999 -0.32688 0.19627 2
-1.2792 -0.97919 -0.8028 -0.87735 -0.98814 -0.96952 -0.44878 0.024486 0.72689 2
-0.24967 0.27499 0.88493 0.93818 1.2058 1.1907 0.95081 0.61701 0.64873 2
0.055702 0.28743 0.79122 0.75213 0.85842 0.65823 0.32918 -0.016147 0.0059548 2
0.52548 1.0756 0.78269 0.63819 0.842 1.0932 1.3194 1.2093 1.2028 2
1.4893 1.6961 1.6133 1.4991 1.4096 1.3674 1.3919 1.2881 1.0307 2
0.83732 0.52405 0.11209 0.13286 0.38531 0.33674 0.56098 0.70037 0.60735 2
1.5145 0.94356 0.47717 0.45525 0.57498 0.41289 0.70373 0.8797 0.78482 2
-0.50937 -0.23284 -0.04214 0.18532 0.52352 0.69932 0.8426 0.76442 0.6493 2
-0.31299 -0.43807 -0.10857 0.23749 0.55957 0.59562 0.53514 0.42527 0.39206 2
-1.5427 -1.0619 -1.2847 -1.4666 -1.3949 -0.93123 -0.28672 0.36093 0.25536 2
-1.509 -1.1848 -1.4995 -1.7801 -1.8049 -1.5165 -0.94524 -0.047271 -0.16481 2
-0.29003 -0.64756 -0.46558 -0.37816 -0.2875 -0.24738 -0.19234 0.050265 0.36424 2
0.094299 -0.11103 0.22734 0.30533 0.35654 0.38381 0.32641 0.50529 0.50608 2
-0.34667 -0.078633 0.42514 0.77727 1.209 1.2919 1.1656 1.1238 1.2622 2
-1.2456 -0.95549 -0.70355 -0.27809 0.21384 0.66133 0.9272 0.84599 0.91473 2
-0.73271 -0.62573 -1.0712 -0.96209 -0.19758 0.57704 1.0981 1.4468 1.39 2
-1.4122 -1.4197 -1.6811 -1.7326 -1.4924 -1.0158 -0.29187 0.15733 0.43831 2
-0.90991 -0.93079 -0.72394 -0.70488 -0.29155 0.19532 0.87077 1.1113 1.1898 2
-0.91974 -0.81933 -0.70337 -0.53689 0.010738 0.5332 0.97361 1.0724 1.1133 2
-1.3141 -0.66403 -0.54508 -0.39267 -0.11664 0.34355 1.0509 1.2142 1.1481 2
-1.2705 -0.75243 -0.81729 -0.71186 -0.29911 0.29901 0.83908 0.75975 0.86779 2
0.14994 -0.11036 0.025768 0.11457 0.30989 0.34255 0.42372 0.53798 0.51072 2
0.21972 -0.10207 0.31609 0.41404 0.56993 0.58264 0.55574 0.60133 0.5757 2
0.16662 -0.28804 -1.0083 -0.80372 -0.45174 -0.10828 0.013705 0.07154 0.34703 2
0.6166 0.071372 -0.44665 -0.027816 0.29105 0.39145 0.55745 0.69755 0.39003 2
-0.25423 -0.4125 -0.45439 -0.38548 -0.18995 0.054644 0.25682 0.22011 0.091485 2
-1.3051 -1.5793 -1.721 -2.0325 -2.0361 -2.1575 -1.7032 -0.76553 0.14696 2
-1.2973 -1.4291 -1.5292 -1.75 -1.5806 -1.5321 -0.9881 -0.14207 0.49989 2
-1.1032 -0.89453 -0.47417 0.26306 0.72337 0.9158 0.77897 0.5658 0.43107 2
-0.56553 0.2113 0.86346 1.2349 1.485 1.4225 1.255 1.0667 0.91413 2
-1.0563 -0.62335 -0.10867 0.29809 0.6456 0.93925 0.80605 0.43494 0.33946 2
-1.7253 -1.5162 -1.4398 -1.5164 -1.7722 -1.8028 -1.8146 -1.2132 -0.33462 2
-1.5156 -0.91134 -0.81697 -1.0202 -1.2369 -1.1999 -0.98949 -0.51741 -0.099227 2
-0.035843 -0.11777 -0.39615 -0.29492 0.0005447 0.5478 0.73224 0.66908 0.81614 2
0.66315 0.59647 0.21204 0.17637 0.35914 0.67027 1.1023 1.3344 1.114 2
-1.0509 -0.44169 -0.35695 -0.20651 -0.0049067 0.2747 0.19973 -0.17131 -0.32028 2
-0.7689 -0.47152 -0.33069 -0.20113 0.0030498 0.36509 0.32758 -0.015482 -0.18079 2
0.28481 -0.15041 -0.85346 -1.2491 -1.3955 -1.1828 -1.0194 0.036485 0.28745 2
-0.072091 -0.30695 -0.82389 -1.3533 -1.7062 -1.6273 -1.1067 -0.14891 0.41294 2
1.0344 1.283 1.2224 0.99759 0.77009 0.48107 0.40779 0.27654 -0.16667 2
0.8113 1.1813 1.324 1.1826 1.0022 0.76518 0.707 0.62969 0.14728 2
0.52845 0.18384 -0.053865 0.27375 0.60324 0.51982 0.1931 -0.05788 0.31625 2
0.49494 0.32594 0.15826 0.54162 0.81044 0.77878 0.67467 0.46017 0.68842 2
-0.83283 -0.99439 -1.1996 -1.1937 -1.174 -0.7548 -0.24039 -0.21133 -0.29943 2
-1.2938 -1.4084 -1.056 -0.60739 -0.26658 0.24928 0.41872 0.44044 0.52111 2
-0.3368 0.23705 0.53979 0.88492 1.0482 0.96913 1.1018 1.1852 1.0514 2
0.10478 0.31469 0.452 0.75256 0.57032 0.33892 0.34756 0.49849 0.49547 2
0.66665 0.55985 0.97292 1.4879 1.4333 1.4657 1.5241 1.3966 1.0661 2
0.0095743 0.75498 0.82429 0.91381 1.117 1.2816 1.4677 1.2069 0.87561 2
-0.70753 -0.37922 -0.0071526 0.068464 0.26755 0.18384 -0.31474 -0.77757 -0.82034 2
0.99163 0.89847 0.90787 1.1623 1.1359 1.2089 1.0498 0.73548 0.45982 2
0.064154 -0.52683 0.18521 0.4878 0.60725 0.57995 0.32607 0.32512 0.51534 2
-0.19292 -0.57865 -0.40369 -0.0080446 0.23518 0.46354 0.27395 0.14905 0.23178 2
-0.031789 0.78833 1.0277 1.0205 0.85718 0.74671 0.86287 1.0794 0.75271 2
-0.58193 0.13867 0.49965 0.60405 0.58318 0.54291 0.57975 0.91262 0.67375 2
0.49324 0.325 0.53087 0.46814 0.37158 0.29905 0.29042 0.40324 0.52946 2
0.69512 0.23091 0.37171 0.367 0.34813 0.31375 0.24502 0.37028 0.58798 2
-0.58509 -0.14173 -0.29164 -0.59797 -0.6899 -0.50486 0.12087 0.6457 0.71828 2
-0.1859 -0.48153 -0.41932 0.24571 0.4034 0.32259 0.14843 -0.11132 -0.083685 2
-0.31961 -0.37366 -0.3237 0.028372 0.14885 0.11493 -0.026693 -0.15444 -0.16922 2
-0.5408 -0.64706 -1.0636 -0.95079 -0.68779 -0.45208 0.015762 0.16877 -0.15042 2
-0.31144 -0.70646 -0.91541 -0.55498 -0.092397 0.36382 0.52039 0.14555 0.074209 2
-0.54981 0.29611 0.85668 1.0256 1.0903 1.1422 1.0019 0.76629 0.51114 2
-0.91961 -0.19665 0.33594 0.59471 0.77143 0.92198 0.77471 0.55519 0.52094 2
0.63761 0.35637 0.60963 0.89033 0.97671 0.92333 0.85931 0.60358 0.60174 2
-0.42178 0.10998 0.34537 0.53438 0.40958 0.26029 0.038107 -0.15618 -0.080714 2
1.6219 0.80361 1.1088 1.0151 0.82643 0.60682 0.42014 0.36426 0.42837 2
1.7221 0.92656 1.3281 1.1703 0.95425 0.73707 0.57431 0.52393 0.37783 2
-1.2712 -0.96069 -0.75264 -0.48037 -0.26989 -0.040342 0.109 0.17635 0.18179 2
-1.3114 -1.44 -1.3328 -1.0769 -1.2108 -1.1084 -0.99743 -1.15 -1.614 2
-0.89466 -0.45359 -0.45417 -0.5054 -0.34086 0.037202 0.53416 0.80357 0.77365 2
1.3808 0.7539 0.5844 0.54958 0.61428 0.45557 0.63826 0.74234 0.68571 2
1.2847 0.87311 0.67877 0.68876 0.79675 0.7784 0.91396 1.0157 0.69316 2
-1.7538 -1.7328 -1.6497 -1.7301 -1.7642 -1.5575 -1.2075 -0.52958 -0.37157 2
-1.5728 -1.7974 -1.836 -1.9395 -1.8115 -1.6871 -1.2131 -0.86437 -0.55828 2
-0.43566 -0.23724 -0.29114 -0.40966 -0.34063 -0.048104 0.48458 0.61871 0.69848 2
-0.55499 -0.22957 -0.37544 -0.37465 -0.22474 0.13471 0.69543 1.0326 1.0409 2
1.0174 1.4732 1.7796 1.713 1.5449 1.439 1.2602 1.0049 1.0388 2
0.67257 1.1069 1.5031 1.5849 1.4589 1.3469 1.1792 0.93928 0.98182 2
-0.15544 0.40779 0.90677 1.2128 1.2409 1.1647 1.0273 0.91499 0.6795 2
-0.20972 0.39871 0.85923 1.0506 1.1406 1.1361 0.98702 0.96895 0.87849 2
0.32192 0.11733 0.24911 0.85724 1.0459 1.1287 1.1242 1.1249 0.95172 2
-0.1096 -1.1384 -1.6006 -1.7614 -1.3645 -0.85693 0.33677 0.60755 0.24152 2
0.62532 0.78521 0.79961 0.77531 0.69268 0.61662 0.68791 1.0183 0.88115 2
0.73309 0.77353 0.73149 0.69825 0.54732 0.43985 0.5365 0.85832 0.73407 2
-0.040152 -0.32137 -0.75173 -1.083 -1.064 -0.90834 -0.34187 0.14065 0.1316 2
-0.091966 -0.11258 0.088397 0.53177 0.83107 0.97595 1.1019 1.1964 1.3821 2
-0.52382 -0.59593 -0.52774 -0.41553 -0.37155 -0.28674 0.10444 0.69333 1.2109 2
0.32819 0.41922 0.1609 0.28373 0.35456 0.45681 0.58743 0.7109 0.62661 2
0.29322 0.61801 0.49612 0.57759 0.57641 0.50652 0.54292 0.73575 0.79066 2
-0.70911 -1.3361 -1.1748 -0.76693 -0.422 0.079195 0.39173 0.59872 0.83618 2
0.39866 -0.92673 -0.91751 -0.75531 -0.32439 -0.10896 0.13412 0.22356 0.42938 2
-0.21105 0.083129 -0.04677 -0.0017908 0.22862 0.27471 0.61093 0.8118 0.7315 2
-0.15147 0.22239 0.23519 0.29879 0.51135 0.77718 1.0053 1.0638 0.96956 2
0.84024 0.14772 0.53664 0.91701 1.0826 1.1159 1.0577 1.2765 1.1778 2
1.0751 0.48088 1.2541 1.5246 1.573 1.5434 1.6076 1.6338 1.612 2
0.31798 -0.1579 0.11883 0.6332 0.6965 0.76834 0.65397 0.48461 0.25915 2
-0.39389 -0.3562 -0.17686 0.30443 0.52385 0.543 0.22197 -0.022816 -0.21376 2
-0.46923 -1.0935 -1.4633 -0.9786 -0.61865 -0.24635 -0.64361 -1.0988 -1.2235 2
0.31539 -1.0327 -1.7869 -1.4699 -1.2438 -1.1897 -1.6925 -2.1759 -1.6486 2
-1.5931 -0.70355 -0.44858 -0.42085 -0.5441 -0.57312 -0.25392 0.50381 0.85662 2
-1.3264 -0.38598 -0.013078 0.17194 0.2463 0.44948 0.86597 1.0798 1.1256 2
-0.32626 0.39253 0.81305 1.0115 1.0383 1.0731 1.1169 1.1479 1.2085 2
-0.12186 0.53688 0.98689 1.3344 1.3482 1.4019 1.4488 1.4362 1.5168 2
-0.83824 -1.1703 -1.2086 -1.0695 -0.94551 -0.71289 -0.60842 -0.77397 -0.72898 2
-0.72591 -0.75537 -1.0609 -0.9961 -0.66131 -0.39097 -0.69843 -0.78106 -0.4107 2
-0.41611 -0.22568 0.14641 0.39418 0.32947 0.20323 0.18021 0.1387 0.45021 2
-0.37473 0.30846 0.77561 0.97831 0.92378 0.90095 0.92476 1.1134 1.0382 2
-0.82733 -0.68302 -0.89307 -1.1861 -1.2897 -1.2871 -0.58046 0.05289 0.21191 2
-0.79439 -0.69235 -0.91063 -1.2036 -1.3187 -1.2192 -0.43384 0.14104 0.34183 2
-0.16218 0.058056 -0.34251 -0.66238 -0.7123 -0.60181 0.17958 0.64967 0.79759 2
-0.36686 -0.74753 -1.2424 -1.8776 -2.208 -2.1853 -1.8348 -0.35118 0.36961 2
-0.65278 -0.75951 -1.225 -1.7807 -1.719 -1.6546 -0.97886 -0.1541 0.32571 2
-0.15529 -0.85629 -1.4508 -2.0042 -2.2778 -2.1699 -1.0143 -0.28809 0.29095 2
-0.30711 -0.94684 -1.5341 -1.8253 -1.8017 -1.4817 -0.60824 0.1766 0.59092 2
0.418 -0.15252 -0.4357 -0.45578 -0.4734 -0.28406 0.073988 0.72843 0.89703 2
0.036344 -0.19655 -0.46799 -0.43654 -0.41851 -0.22116 0.1207 0.65519 0.57829 2
0.1066 0.48411 0.33005 0.37027 0.26089 0.038636 -0.14303 -0.10044 -0.14676 2
0.43036 1.179 1.3104 1.4026 1.3256 1.1902 1.0906 1.1192 0.97481 2
-0.014576 0.9367 1.3208 1.441 1.4478 1.4229 1.2085 1.0746 1.0253 2
0.64 1.7596 1.9499 1.7814 1.6024 1.4321 1.2163 0.89999 0.67763 2
1.4009 1.3232 1.4265 1.2931 1.1186 0.93753 0.74317 0.39518 0.14588 2
-0.091442 -0.18239 0.10883 0.30586 0.41956 0.50679 0.26415 -0.066111 -0.21886 2
-0.15943 -0.21596 0.44162 0.56244 0.59645 0.48014 0.3184 0.0288 -0.037132 2
1.3733 1.9363 1.2935 0.86629 0.56507 0.32215 0.062542 0.091537 -0.3381 2
1.3829 1.6297 0.94937 0.46341 0.082434 -0.13555 -0.43657 -1.1235 -1.7809 2
0.22124 0.48563 0.48423 0.49298 0.6862 0.88708 1.0852 1.0771 0.60552 2
0.51902 0.60757 0.41863 0.5159 0.60602 0.61799 0.79746 0.70084 0.17965 2
-1.0917 -1.1381 -1.3597 -1.5817 -1.591 -1.6557 -1.3183 -0.62572 -0.43561 2
-1.106 -1.1951 -1.4315 -1.7457 -1.7826 -1.829 -1.3778 -0.74165 -0.56082 2
0.069924 -0.035375 -0.31204 -0.12085 -0.064628 0.048613 0.52044 0.80427 0.71101 2
-0.54694 -0.2052 -0.21356 0.0090516 0.096778 0.45449 0.77647 0.78706 0.64642 2
0.21831 -0.14342 -0.25129 -0.045872 0.45858 0.71511 0.6518 0.54562 0.81543 2
0.20992 0.36838 0.90827 1.0808 1.1822 1.1086 0.88855 0.63506 0.67063 2
-1.021 -0.43841 -0.48566 -0.20422 0.12048 0.50929 1.2122 1.5729 1.3089 3
-0.99446 -1.061 -1.1419 -0.75582 -0.16725 0.34442 0.82889 1.0559 1.104 3
0.56781 0.19209 -0.0162 0.46256 0.85428 0.79396 0.70021 0.81827 0.87924 3
0.40334 0.13094 0.41943 0.9065 0.9092 0.70776 0.43049 0.42969 0.56539 3
0.072057 -0.068507 0.03692 -0.014579 -0.21263 -0.52585 -1.051 -1.5814 -2.4972 3
0.56568 0.31029 0.46899 0.90956 1.1385 1.1464 0.92536 0.70338 0.49836 3
-1.4305 -1.1927 -0.88639 -0.83693 -0.66852 -0.42634 0.26559 0.94092 1.0366 3
-1.1206 -1.0797 -0.86677 -0.34674 -0.14178 0.2077 0.58185 0.98623 1.2515 3
-1.2524 -1.28 -0.89343 -0.7041 -0.84868 -0.68806 -0.42234 0.0035496 0.20002 3
-0.55703 -0.3218 0.26221 0.13539 0.029053 -0.13705 -0.10221 0.29194 0.45199 3
-0.16643 -0.78382 -1.1563 -0.90761 -0.59436 -0.089742 0.23962 0.13881 0.26629 3
-0.22741 -0.77528 -1.227 -1 -0.73906 -0.25425 0.17272 0.098458 0.16519 3
-0.19434 -0.25186 -0.67411 -0.65704 0.033492 0.53536 0.61204 0.32954 0.53993 3
-0.09842 -0.076731 -0.32307 -0.13145 0.62972 1.1837 1.3938 1.2874 1.4202 3
-0.055991 -0.40892 -0.58514 -0.52769 -0.32451 0.21735 0.49208 0.52755 0.5402 3
-0.80226 -1.1305 -1.0032 -0.91682 -0.79212 -0.41367 -0.060478 0.29556 0.30869 3
-0.42962 -1.0967 -0.46294 -0.35717 -0.30177 -0.47889 -0.73265 -1.4042 -2.1048 3
-0.10255 -0.71411 -0.4707 -0.28521 -0.2624 -0.49257 -0.75886 -1.5575 -2.3529 3
-1.4902 -1.7255 -0.95218 -0.46349 0.12376 0.50661 0.72387 0.70928 0.44614 3
-0.98096 -0.46393 0.18192 0.72524 1.0083 1.0265 1.0526 0.88058 0.41907 3
-1.568 -1.4647 -1.1818 -0.71105 -0.63096 -0.67631 -1.0627 -1.5045 -2.4003 3
-1.3148 -0.92325 -0.27876 0.13094 0.44387 0.60842 0.51456 0.23073 0.011285 3
-0.19626 -0.43022 -0.46786 -0.46563 -0.27395 -0.035704 0.011762 -0.0067734 0.14208 3
-0.49047 -0.86953 -0.85837 -0.84354 -0.7364 -0.42779 -0.39382 -0.54342 -0.61196 3
-2.3293 -2.3489 -2.3663 -2.1221 -2.025 -2.0209 -2.096 -1.5228 -0.13603 3
-1.9019 -1.6724 -1.6373 -1.3777 -1.4724 -1.7633 -1.5875 -0.87231 -0.34656 3
0.49454 0.90617 0.83433 0.51698 0.11208 -0.22659 -0.70614 -1.0686 -1.2236 3
1.5794 1.8208 1.2379 0.692 0.42911 0.17954 -0.23891 -0.79271 -1.1953 3
-1.5978 -2.0591 -2.1322 -2.1697 -2.0612 -1.9487 -1.7852 -0.45057 0.13612 3
-1.8653 -2.0447 -2.0428 -2.0129 -1.9452 -1.8557 -1.7165 -0.89918 -0.065814 3
0.063321 -0.065234 0.22039 0.53247 0.62197 0.53485 0.47365 0.62762 0.54003 3
0.14121 -0.10158 0.17355 0.57263 0.68293 0.60335 0.55203 0.68717 0.50916 3
-0.28083 0.3962 0.55981 0.60698 0.49398 0.31596 0.032036 -0.25303 -0.55151 3
-1.6091 -1.688 -1.6505 -1.662 -1.7789 -2.002 -2.1943 -2.4795 -2.6807 3
-1.18 -1.4051 -1.6308 -1.6679 -1.8198 -1.9871 -2.1286 -2.3607 -2.1014 3
-1.3353 -1.4931 -1.196 -0.73426 -0.54748 -0.69762 -1.0135 -1.4587 -1.4327 3
1.4221 1.6661 1.4391 1.0331 0.79495 0.63695 0.35249 -0.10733 -0.49567 3
1.4111 1.6783 1.5487 1.2113 0.94092 0.7603 0.59406 0.28575 -0.1318 3
-0.98072 -0.96606 -0.015947 0.078039 0.13951 -0.064641 -0.63297 -0.82439 -0.93556 3
0.19811 0.18741 0.52142 0.33655 -0.062302 -0.32854 -0.71715 -0.95395 -1.3364 3
-0.97274 -0.40264 -0.032621 0.32265 0.63592 0.89181 1.1506 0.97256 0.87145 3
-1.0901 -0.5333 -0.35081 -0.28888 0.1091 0.5904 0.74731 0.51358 0.57203 3
-1.4904 -0.40338 0.47575 1.0994 1.4597 1.5312 1.6407 1.6813 1.4449 3
-0.53815 -0.39708 0.34897 0.73991 0.68966 0.55713 0.42343 0.51705 0.19788 3
-0.6761 -1.885 -2.6259 -3.4433 -4.5264 -5.4726 -6.3877 -5.9751 -3.4923 3
-0.45949 -1.6828 -2.4077 -3.0988 -3.8827 -4.1675 -4.3642 -3.2874 -1.4266 3
0.9707 0.060861 -0.90161 -1.4555 -1.7637 -1.7504 -1.74 -1.0263 0.1951 3
0.98365 0.27365 -0.72097 -1.2765 -1.6807 -1.8992 -2.1857 -1.4961 -0.38343 3
-0.64906 -0.90214 -1.5889 -1.9744 -2.1476 -2.2317 -1.759 -0.81842 -0.15596 3
-0.20506 -0.88691 -1.4961 -1.5839 -1.6133 -1.574 -1.4171 -0.61095 -0.094929 3
1.5319 0.39653 0.40604 0.44158 0.33124 0.22595 0.11148 0.23906 0.15444 3
1.1422 0.28028 0.42315 0.36959 0.21702 0.048592 -0.040307 0.06722 0.2203 3
-0.36229 -0.29393 -0.84 -1.0648 -0.66953 -0.060057 0.15128 -0.29669 -0.46338 3
-0.36355 -0.14793 -0.61533 -0.66301 -0.25497 0.27301 0.36571 -0.0069265 -0.19208 3
-0.48109 -1.0394 -1.3124 -1.0767 -0.74775 -0.44907 -0.25675 -0.32249 -0.15918 3
-0.54072 -1.191 -1.5491 -1.4272 -0.99347 -0.64114 -0.40066 -0.55432 -0.48291 3
-1.6504 -1.7517 -1.6271 -1.145 -0.54125 0.048639 0.27385 0.79393 0.80584 3
-1.3329 -1.5039 -2.1451 -1.9485 -1.6209 -1.6759 -1.9428 -1.2308 -0.95317 3
-1.9534 -1.7672 -1.1682 -1.0805 -0.97907 -1.0404 -0.85259 -0.35656 0.14146 3
-1.9078 -1.5981 -1.2681 -1.3136 -1.3582 -1.4141 -1.1297 -0.61107 0.11133 3
-1.1614 -0.67762 -0.45336 -0.27807 -0.41452 -0.58033 -0.83477 -1.2646 -1.5392 3
0.13081 -0.099597 -0.18798 -0.87649 -1.4543 -2.2004 -3.1075 -3.9611 -4.0539 3
-0.11326 -0.4692 -0.95059 -1.3692 -1.5849 -1.8483 -1.9775 -1.4255 -0.40428 3
-0.18864 -0.61067 -1.209 -1.6739 -1.966 -2.3811 -2.8065 -3.0294 -1.5704 3
-0.20231 -0.46441 -0.11564 -0.27415 -0.50934 -0.67859 -0.65163 -0.87881 -1.2339 3
0.96274 0.90686 1.2783 1.2521 1.069 0.83243 0.78821 0.72693 0.59103 3
-0.42503 -1.2021 -2.1332 -2.7228 -2.9869 -3.1365 -2.9452 -1.9585 -0.85842 3
-0.16991 -1.2007 -1.8734 -2.1111 -2.1967 -1.8028 -1.3644 -0.96836 -0.29565 3
-0.46311 -0.56688 -0.48491 -0.46325 -0.73629 -1.0311 -1.4977 -2.2009 -2.2668 3
0.63561 0.47214 0.27142 -0.027119 -0.024398 -0.24604 -0.98076 -1.5719 -1.6548 3
-0.18965 -0.73815 -1.1907 -1.5225 -1.4213 -1.0559 -0.16153 0.34541 0.48818 3
-0.22251 -1.2704 -1.3996 -0.92918 -0.64985 -0.097849 0.058262 0.051723 0.34495 3
0.72414 1.1559 0.89219 0.75288 0.70811 0.6101 0.33781 0.012664 0.043711 3
0.45985 0.2945 0.22929 0.27962 0.1878 -0.0081024 -0.26612 -0.48319 -0.24378 3
-1.7371 -0.74061 0.07296 0.61457 1.1346 1.4317 1.7628 1.6917 1.3691 3
-0.71842 -0.46728 -0.052603 0.28493 0.59974 0.83288 1.0828 0.77669 0.26901 3
0.76152 0.77995 1.1452 0.94813 0.73231 0.45431 0.14123 -0.077387 0.0066606 3
0.71055 0.90184 1.0093 0.81317 0.55532 0.28481 0.067228 -0.088962 -0.040565 3
-0.28341 -0.33841 -0.92729 -1.3625 -1.4909 -1.15 -0.42886 -0.24069 -0.2251 3
-0.12839 0.18561 0.54032 0.91752 0.9524 0.98356 1.0003 0.85225 0.8627 3
1.3131 0.44421 0.44165 0.62675 0.6366 0.5531 0.45042 0.28781 0.19746 3
1.5401 0.91395 0.86555 1.0661 1.0935 0.9463 0.86151 0.75219 0.65914 3
0.40581 0.39468 -0.28092 -0.66216 -0.98035 -0.83969 -0.33383 0.42091 0.75922 3
0.62302 0.37081 -0.30201 -0.68147 -0.89785 -0.66149 -0.058369 0.61354 0.93176 3
0.40181 0.54075 0.67215 0.38949 0.098517 -0.067864 -0.2434 -0.70589 -1.1357 3
0.5116 1.128 1.1832 1.2168 0.95694 0.84268 0.9835 0.79281 0.47219 3
1.1735 1.6064 1.6683 1.4408 1.2809 1.3348 1.1713 0.84677 0.52154 3
0.72483 0.67207 0.9657 0.6991 0.5651 0.51446 0.34313 -0.086776 -0.40389 3
0.10635 -0.23135 0.38325 0.33808 0.14147 -0.20304 -0.6331 -1.0578 -1.1031 3
0.0084428 -0.18424 0.41359 0.41871 0.28546 0.0029753 -0.30199 -0.70126 -0.7473 3
1.5192 0.53752 0.39735 -0.15417 -0.74188 -1.1281 -1.176 -0.81414 -0.67794 3
1.9401 1.123 0.86695 0.38083 -0.1145 -0.41754 -0.43525 -0.35235 -0.21468 3
0.84346 -0.15978 -0.17003 0.10817 0.46264 0.73847 0.58094 0.47694 0.6596 3
0.34204 0.20043 0.89941 0.97721 0.83788 0.61125 0.5031 0.5005 0.70243 3
0.72914 0.048392 0.023004 0.12573 -0.015922 -0.16874 -0.26217 -0.42194 -0.73285 3
-0.52556 -1.106 -0.59871 -0.41762 -0.30696 -0.4267 -0.78073 -1.3749 -1.77 3
-0.47799 -1.0643 -0.41503 -0.29187 -0.18422 -0.33957 -0.87089 -1.489 -1.8166 3
0.87193 -0.13889 -0.91531 -1.1004 -0.82882 -0.31485 0.076415 0.30869 0.27635 3
1.0498 0.095245 -0.67014 -0.76874 -0.23003 0.20989 0.53188 0.7111 0.59984 3
0.75592 1.909 1.9985 1.7997 1.6707 1.5488 1.3305 0.94708 0.59655 3
-0.11706 0.76133 0.80391 0.60179 0.34567 0.13498 -0.025416 -0.31993 -0.43624 3
-0.12769 -0.48546 -0.76305 -0.59596 -0.23328 -0.17467 -0.1005 0.32768 0.0064948 3
0.29051 -0.05533 0.30243 0.60334 0.78798 0.59675 0.39892 0.5968 0.82092 3
0.030786 -0.42508 -0.21694 -0.19808 0.097431 0.24418 -0.091642 -0.41983 -0.34546 3
-0.15607 0.24533 0.16444 0.083318 0.05038 0.19877 0.529 0.83558 0.84794 3
-0.38519 -0.24156 -0.2184 -0.10525 -0.043589 0.075753 0.36467 0.67681 0.68471 3
0.34984 0.67071 0.28694 -0.1895 -0.59786 -1.1029 -1.4651 -1.8257 -2.321 3
-0.033924 0.59998 0.4218 0.36081 0.10084 -0.15546 -0.47895 -1.0022 -1.5633 3
-0.66268 -0.89666 -1.5045 -1.7954 -1.7066 -1.4324 -0.82543 -0.25942 0.11751 3
-0.066097 -0.30335 -1.0766 -1.4458 -1.3798 -1.1264 -0.31728 0.23463 0.51165 3
-0.15968 -0.28762 -0.10265 0.23188 0.47849 0.60814 0.40055 0.28672 0.30455 3
-0.56455 -0.51589 -0.29784 0.00096295 0.22514 0.28543 0.096031 -0.19827 -0.28017 3
-0.68682 -0.59681 -0.68189 -0.10336 0.47441 0.63385 0.72821 0.89235 0.92685 3
-0.49113 -0.43059 -0.64522 -0.33035 0.20122 0.54644 0.64784 0.80509 0.87901 3
-0.23592 -0.48742 -0.90758 -0.95611 -0.81835 -0.67358 -0.57276 -0.71944 -1.0322 3
-0.24307 0.030211 -0.10779 0.012212 0.021826 0.0001524 0.046373 0.20396 0.34007 3
-0.72064 -0.72669 -0.76471 -0.42282 -0.084907 -0.0085638 0.09473 0.17995 0.43781 3
-0.80084 -0.89089 -0.94407 -0.58284 -0.19129 -0.046193 0.040194 0.1272 0.27934 3
-1.2471 -1.094 -0.69612 -0.53385 -0.32784 -0.61015 -1.261 -1.6764 -1.4985 3
-0.81089 -0.39145 -0.065936 0.051545 -0.045991 -0.38989 -0.90439 -1.3192 -1.211 3
-0.52602 -0.53944 -0.72501 -0.8885 -0.78253 -0.29412 0.19135 0.65119 0.68334 3
-0.61718 -0.60156 -0.69626 -0.78622 -0.60823 -0.11212 0.2789 0.67474 0.80576 3
0.30143 1.305 1.9108 1.7354 1.5451 1.3791 1.257 1.0207 0.73674 3
0.75069 0.87892 0.60823 0.50919 0.58156 0.52822 0.24676 -0.51413 -1.1203 3
-0.48692 -0.66032 -0.20584 0.12361 0.15567 0.013291 -0.22942 -0.2791 -0.12865 3
-0.44523 -0.16513 0.57528 0.94232 0.90114 0.81607 0.52704 0.21897 0.21682 3
-0.26117 -0.063796 0.67523 0.89092 0.77933 0.68114 0.60861 0.35927 0.20632 3
-0.23474 -0.4965 -0.95915 -1.1951 -1.3487 -0.99402 -0.67507 -0.48551 -0.69475 3
0.074567 -0.18472 -0.67876 -0.77083 -0.8181 -0.30165 0.10336 0.17082 0.16311 3
1.0645 1.3484 0.87926 0.33112 0.075855 -0.28506 -0.6452 -0.99496 -0.72127 3
1.5944 1.6744 0.91588 0.44398 0.22913 0.010743 -0.43989 -1.046 -0.98899 3
-0.23767 -1.2511 -1.4269 -1.6341 -1.6209 -0.90087 -0.14138 0.58696 0.49607 3
0.19085 -0.97626 -1.4599 -1.7828 -1.8143 -1.2874 -0.16596 0.66269 0.48905 3
0.32181 -0.9266 -1.4202 -1.4891 -1.6229 -1.5193 -1.1449 -0.68312 0.13494 3
-0.1372 -0.84534 -1.559 -1.7141 -1.9475 -1.9326 -1.7383 -1.0338 -0.68161 3
1.4037 1.946 1.4244 0.91378 0.60186 0.43022 0.10782 -0.061015 -0.29425 3
1.8211 2.0342 1.2703 0.62832 0.23545 -0.034598 -0.2917 -0.3083 -0.48854 3
-1.1959 -0.45134 0.22125 0.38075 0.26179 0.0069378 -0.18649 -0.31862 -0.56361 3
-0.033608 0.43069 1.1372 1.2546 1.115 1.0421 0.95732 0.59689 0.30237 3
-0.13329 -1.4943 -2.2205 -2.786 -3.0711 -2.9908 -2.6948 -1.1754 0.1625 3
-0.41884 -1.6364 -2.2801 -2.752 -2.8661 -3.0579 -2.7983 -1.3544 -0.14918 3
-0.3438 -0.54937 -0.95309 -0.77851 -0.68674 -0.65533 -0.67208 -0.59469 -0.63907 3
0.20375 0.43246 0.029017 0.090157 0.079756 0.098096 0.20593 0.35573 0.52824 3
0.40801 0.52605 0.60516 0.35671 0.12361 -0.11974 -0.29419 -0.64692 -1.2426 3
0.42563 1.1596 1.2037 0.73148 0.45215 0.44527 0.25767 -0.093129 -0.6518 3
-0.22751 -0.32143 -0.686 -0.64117 -0.18499 0.47839 0.66577 0.44878 0.52958 3
-0.2981 -0.42813 -0.91175 -1.1246 -0.64507 0.05735 0.42291 0.14895 0.23696 3
0.8501 0.74203 0.5692 0.30766 -0.0010156 -0.08045 -0.17496 -0.54376 -0.82568 3
1.0819 0.92045 0.73631 0.32483 0.080947 -0.00039092 -0.14024 -0.62007 -0.87687 3
-1.0394 -1.0797 -0.91644 -0.73994 -0.55458 -0.64179 -1.0801 -1.6897 -1.9153 3
-0.64749 -0.89318 -0.64339 -0.20499 0.037772 0.13136 -0.14266 -0.4035 -0.19309 3
0.5754 0.8572 1.0764 1.1167 1.0312 0.88686 0.60707 0.39066 0.17345 3
0.55551 0.8444 1.1911 1.1898 1.1232 1.0103 0.78984 0.63337 0.30815 3
0.095091 -0.94083 -1.3177 -1.2835 -1.1047 -1.0861 -0.99578 -1.2053 -1.3063 4
0.26191 -0.86313 -1.1078 -0.95334 -0.79714 -0.84352 -0.8126 -0.8957 -1.0474 4
0.61742 0.75089 0.92917 0.58886 0.3505 0.094774 -0.068164 -0.11726 -0.40783 4
0.76219 0.82825 0.91694 0.63242 0.40139 0.17374 0.022574 0.00031722 -0.21718 4
1.6195 2.2379 1.7669 1.4952 1.2353 0.98606 0.80604 0.66092 0.37468 4
1.1948 2.045 1.6923 1.3999 1.1035 0.8348 0.59598 0.38266 0.18593 4
0.40899 -0.71716 -0.60432 -0.72431 -0.76525 -0.87196 -0.66743 -0.54229 -0.024224 4
0.48498 -0.48303 -0.3597 -0.51227 -0.64091 -0.71673 -0.57545 -0.38708 -0.077044 4
0.27387 -0.91869 -0.67525 -0.55802 -0.48951 -0.59717 -0.75613 -0.92966 -1.0913 4
0.51509 -0.94697 -0.61726 -0.56288 -0.43516 -0.41788 -0.52141 -0.58102 -0.58618 4
-0.017139 -0.31253 -0.011548 0.1077 -0.054551 -0.39228 -0.85886 -1.4033 -1.5778 4
0.16828 0.069707 0.44826 0.49369 0.30381 0.0055439 -0.41566 -0.74273 -0.67206 4
0.25413 0.50308 0.14363 -0.12806 -0.42003 -0.80654 -1.1296 -1.1731 -1.1374 4
0.25203 0.73851 0.30045 -0.036231 -0.36516 -0.74756 -1.0218 -1.0069 -0.79993 4
0.85667 1.1488 0.7412 0.63686 0.374 0.10871 -0.15736 -0.54407 -1.1571 4
0.61542 0.97679 0.73675 0.49907 0.23766 -0.035019 -0.31205 -0.8357 -1.5283 4
1.6558 0.36231 0.69552 0.53383 0.24429 0.072264 -0.23499 -0.46983 -0.30252 4
1.0668 0.79009 0.81883 0.43654 0.18863 -0.063653 -0.32283 -0.52085 -0.48666 4
0.61097 1.0612 0.85043 0.80146 0.6499 0.48368 0.15497 -0.11751 -0.18152 4
0.55455 1.0499 1.0804 0.96189 0.73313 0.53156 0.30132 0.1171 -0.19733 4
1.6493 1.5142 1.3635 1.1209 0.90434 0.68041 0.50753 0.2598 0.0099189 4
1.3799 1.6798 1.2532 0.80328 0.52197 0.2729 0.11251 -0.30845 -0.73638 4
0.63916 -0.22841 0.09187 0.17143 0.31286 0.36462 0.26062 0.27919 0.51356 4
0.61171 -0.081867 0.20524 0.29755 0.30639 0.24815 0.069248 0.10814 0.1138 4
2.493 1.6888 0.66041 0.035604 -0.23599 -0.66116 -1.2296 -1.968 -2.5491 4
2.6356 1.8796 0.84055 0.25339 -0.031716 -0.33956 -0.88873 -1.5085 -1.87 4
-0.23738 -0.88616 -1.6097 -2.1211 -2.1808 -1.7535 -0.90584 -0.6024 -0.57705 4
-0.28383 -0.97508 -1.6978 -2.2488 -2.5335 -2.1928 -1.1116 -0.71367 -0.60871 4
-0.28704 -0.51863 -0.43551 -0.40703 -0.45259 -0.61743 -0.9357 -1.5072 -2.0009 4
-0.48711 -0.69704 -0.53081 -0.50908 -0.58425 -0.74303 -1.0803 -1.6588 -2.265 4
1.1004 1.1676 1.6927 1.517 1.3265 1.1467 0.76671 0.53524 0.30276 4
0.43484 1.1873 1.7699 1.7562 1.6031 1.3194 1.0309 0.97084 0.8615 4
0.91455 1.7461 1.4068 0.99296 0.62988 0.32799 -0.033028 -0.27274 -0.6081 4
0.79861 1.4306 1.0253 0.6674 0.42549 0.13304 -0.14144 -0.50661 -0.96411 4
2.3257 0.52916 0.89471 0.8785 0.73603 0.58061 0.47943 0.48961 0.43085 4
2.3508 0.58446 0.90981 0.90087 0.75971 0.61082 0.52166 0.51359 0.41705 4
0.95734 1.1152 0.59057 0.43336 0.085598 -0.36471 -0.65319 -1.088 -1.3731 4
1.1434 0.42727 0.06217 -0.4078 -1.2032 -2.0236 -2.9527 -3.5179 -3.6244 4
1.5342 0.53719 0.58074 0.56477 0.3094 0.28618 0.25782 -0.11262 -0.33342 4
1.5767 0.54889 0.57401 0.58134 0.35021 0.35699 0.32958 -0.041228 -0.31197 4
-0.37623 -1.2136 -0.83853 -0.82036 -0.43013 -0.22544 -0.52399 -0.82493 -0.70294 4
-0.36324 -1.2072 -0.68748 -0.64002 -0.30488 -0.046124 -0.14253 -0.36908 -0.22077 4
0.89379 1.1925 1.0627 0.76818 0.54499 0.29743 0.039793 -0.12142 0.021316 4
1.0005 1.1562 1.0754 0.80593 0.58259 0.31362 0.02659 -0.1629 -0.024433 4
0.65808 1.8305 1.3496 0.86518 0.45564 0.061834 -0.4008 -0.66528 -0.55356 4
0.66891 1.5812 1.3551 0.97377 0.64145 0.29213 -0.056246 -0.2565 -0.097176 4
2.0965 1.6753 0.45156 -0.31741 -1.0065 -1.7183 -2.5308 -3.2807 -3.7722 4
1.6794 1.582 0.6247 -0.037719 -0.42959 -0.93436 -1.5763 -2.2496 -2.7361 4
0.39828 1.0209 1.6393 1.602 1.365 1.3286 1.2658 1.0745 0.70317 4
0.92698 1.6594 2.0259 2.0537 1.8231 1.7103 1.6171 1.3955 1.0377 4
1.503 0.21026 0.24524 0.17284 0.15222 -0.2422 -0.77604 -1.0196 -0.72343 4
1.2269 0.124 0.15414 0.021809 -0.089286 -0.66957 -1.332 -1.7764 -1.7192 4
1.7957 2.2153 1.7834 1.4543 1.1778 1.0082 0.92072 0.99019 0.77915 4
1.9557 2.487 1.795 1.4029 1.1097 0.87534 0.75781 0.75968 0.55008 4
-0.58004 0.25487 0.81662 0.9215 0.99721 0.8945 0.65808 0.43317 0.31292 4
-0.6088 -0.16949 0.16196 0.24516 0.42409 0.41484 0.27835 0.23012 0.34155 4
0.84843 1.7649 1.4166 1.0875 0.77062 0.51594 0.34673 -0.042548 -0.53337 4
1.8227 2.4138 1.5923 1.1545 0.82187 0.58259 0.23635 -0.10187 -0.55301 4
0.56652 -0.68005 -0.65075 -0.69757 -0.56821 -0.26458 -0.17994 0.066927 0.26451 4
0.5159 -0.75273 -0.69391 -0.67572 -0.46012 -0.15195 -0.096306 0.17677 0.41902 4
1.5899 1.5169 1.1636 0.72487 0.46732 0.1577 -0.33762 -0.47154 -0.18655 4
1.3337 1.4934 1.2564 0.76667 0.45717 0.17073 -0.29077 -0.40202 -0.22554 4
2.584 1.1408 0.88577 0.5928 0.24008 0.10896 -0.061322 -0.39004 -0.8052 4
2.6261 1.0922 0.94438 0.75074 0.40879 0.27469 0.10802 -0.13562 -0.53033 4
0.10299 0.55434 0.41899 0.48935 0.3621 0.073683 -0.17784 -0.4027 -0.54464 4
0.19787 0.88374 0.85585 0.89076 0.78975 0.53464 0.34363 0.077436 -0.023936 4
0.86517 1.4623 1.5381 1.1503 0.78569 0.42701 0.13844 -0.13163 -0.33796 4
2.24 1.8411 1.2161 0.74662 0.34683 0.059667 -0.14288 -0.43639 -0.64921 4
0.52119 -0.77361 -0.50626 -0.32849 0.054037 0.021461 -0.35821 -0.36231 0.36623 4
0.49427 -0.41596 -0.49798 -0.3171 0.042433 0.28527 0.34191 0.59424 0.94115 4
1.6052 1.8295 1.1465 0.55406 0.29232 0.062177 -0.37975 -0.89283 -1.3101 4
1.4412 1.6434 0.89308 0.31548 -0.0023011 -0.30942 -0.81727 -1.3947 -1.97 4
0.60279 0.83067 0.54324 0.2022 -0.085285 -0.39444 -0.70781 -0.74464 -0.46864 4
0.50928 1.1132 0.96726 0.67041 0.40084 0.14617 -0.14255 -0.17715 0.026824 4
0.60828 -0.53604 -0.30555 0.014448 0.0093156 -0.12488 -0.31347 -0.3459 -0.38842 4
0.74606 -0.4475 -0.079981 0.14951 0.086696 -0.094288 -0.25804 -0.2637 -0.24373 4
2.3774 2.2599 1.2993 0.74548 0.40187 0.11411 -0.20453 -0.69529 -1.1617 4
2.2619 2.2471 1.3356 0.84461 0.50201 0.24246 -0.13858 -0.56043 -0.97961 4
3.1226 2.8075 1.6678 0.87464 0.21604 -0.35121 -0.75807 -0.87473 -0.61568 4
2.8223 2.708 1.4565 0.46453 -0.37404 -1.048 -1.5197 -1.5269 -0.96932 4
0.23344 0.48283 0.85038 0.56273 0.37302 0.19877 0.030935 -0.37445 -0.89083 4
0.10887 0.46012 0.98504 0.7931 0.5792 0.40632 0.24285 0.0075694 -0.32391 4
0.97475 0.92734 0.74844 0.34292 -0.011215 -0.12913 -0.29429 -0.8197 -1.3202 4
1.3445 0.85379 0.74745 0.35975 -0.0058977 -0.11495 -0.30357 -0.80815 -1.4037 4
0.057787 -0.071321 0.3545 0.59076 0.35134 -0.037958 -0.48275 -0.74313 -0.51666 4
-0.038692 -0.070826 0.38914 0.58192 0.40858 0.077827 -0.33333 -0.54327 -0.38611 4
-0.73189 -0.42678 -0.017763 -0.075168 -0.072481 -0.39307 -1.0316 -1.5451 -1.8593 4
-0.11801 0.40541 0.59527 0.56436 0.45631 0.045105 -0.51279 -0.86151 -0.99265 4
-0.18979 0.17729 0.24042 0.30734 0.1125 -0.26527 -0.69886 -0.95036 -1.1181 4
0.3605 1.1719 0.97417 0.73757 0.56021 0.3426 0.036425 -0.37288 -0.71727 4
1.0432 1.4438 1.3907 1.0327 0.7216 0.47475 0.28541 0.2746 0.12819 4
0.68349 1.2561 1.2672 0.95676 0.66559 0.41473 0.19387 0.13594 0.015986 4
0.99468 0.82957 1.1866 1.1686 1.1728 1.025 0.7999 0.58521 0.4136 4
1.5304 1.5304 1.7131 1.6607 1.5628 1.38 1.19 0.98127 0.79693 4
-0.10792 0.75334 0.30646 -0.476 -1.3634 -2.2588 -3.297 -3.9203 -3.7049 4
0.069517 0.89492 0.42549 -0.36975 -1.2177 -2.0844 -2.9793 -3.4805 -3.1786 4
-0.92877 -0.020932 0.70806 1.1448 1.0862 0.85427 0.45109 0.22388 0.067338 4
-0.78362 -0.36296 0.084477 0.33416 0.28146 0.02794 -0.32224 -0.60784 -0.574 4
2.7917 2.4266 1.2409 0.62471 0.22002 -0.07432 -0.43884 -0.71871 -0.90981 4
2.9003 2.5562 1.3719 0.7643 0.40506 0.16964 -0.16797 -0.50164 -0.69517 4
0.0013729 -1.3409 -2.1393 -2.4195 -2.055 -1.7302 -1.2488 -0.9528 -0.96425 4
-0.054647 -1.5501 -2.1007 -2.3923 -2.2318 -1.9253 -1.3313 -1.1108 -1.2778 4
2.1961 1.972 1.4942 0.94573 0.61874 0.36215 0.15438 0.00040421 -0.17972 4
2.1904 2.0186 1.4646 0.99021 0.66094 0.38671 0.19114 0.036349 -0.18813 4
0.44163 0.31317 0.86228 0.74056 0.50066 0.28894 0.092325 -0.080455 -0.10232 4
0.43121 -0.17583 -0.54269 -0.99652 -1.6125 -2.4536 -3.5778 -4.7763 -5.8149 4
0.93644 2.1752 2.2338 1.8921 1.7005 1.5273 1.3638 1.1073 0.97779 4
0.33222 1.1082 1.4391 1.3238 1.3151 1.2149 1.0426 0.76247 0.7643 4
-1.0489 -0.61467 -0.15685 0.084187 0.20064 0.10804 -0.63362 -1.275 -1.7511 4
-1.1931 -0.63686 -0.21637 0.060689 0.16059 0.075247 -0.64057 -1.2911 -1.7663 4
-0.37754 -0.94515 -1.5422 -1.9064 -2.0407 -1.9877 -1.6851 -1.3453 -1.162 4
-0.31363 -0.63791 -1.2616 -1.6198 -1.7423 -1.4101 -0.65457 -0.20036 0.30988 4
0.70277 0.59043 0.99263 1.0015 0.87524 0.77293 0.55534 0.2291 -0.031993 4
0.44056 0.48919 0.63943 0.35097 -0.10507 -0.39302 -0.79386 -1.2636 -1.8066 4
4.4434 2.105 1.2327 0.53392 -0.1126 -0.57672 -0.76526 -0.40848 -0.30216 4
3.8644 1.5989 0.97118 0.31137 -0.32896 -0.88252 -1.2189 -0.77831 -0.6924 4
0.82878 0.89588 0.91135 0.78576 0.50698 0.25299 -9.5399e-005 -0.22938 -0.31116 4
1.2458 1.7034 1.7915 1.6167 1.2467 0.91904 0.81443 0.71413 0.57506 4
1.5721 1.6696 0.64447 -0.11883 -0.42312 -0.72022 -1.4234 -1.989 -1.9355 4
2.3507 2.494 1.6223 1.1186 0.86571 0.67108 0.37025 -0.04142 -0.20453 4
0.40079 -0.499 -0.85816 -0.67581 -0.39498 -0.49853 -0.81121 -0.94201 -0.60812 4
-0.027134 -0.52189 -0.93187 -0.72084 -0.32737 -0.34193 -0.56308 -0.70564 -0.3976 4
-1.3353 -1.1236 -0.67625 -0.28105 0.031956 0.15461 -0.072297 -0.30308 -0.26802 4
-1.2066 -1.4683 -1.2263 -0.80964 -0.67243 -0.49489 -0.4233 -0.59808 -0.75011 4
1.5543 1.9406 1.6335 1.2201 0.92778 0.69338 0.52661 0.35002 0.12082 4
1.5057 1.7038 1.5712 1.1384 0.91123 0.74569 0.57758 0.163 -0.25312 4
0.46085 0.70166 0.8048 0.53132 0.26866 0.1349 -0.22112 -0.71095 -1.3223 4
1.0888 1.2733 0.39835 -0.13005 -0.58165 -1.1441 -1.5712 -2.0554 -2.6252 4
0.64631 0.66634 0.8494 0.67068 0.44299 0.20998 0.0041486 -0.12091 0.032727 4
1.003 0.73114 1.0491 0.85119 0.57114 0.33745 0.18834 0.20266 0.12781 4
0.14298 0.31879 0.4801 0.5654 0.54776 0.48548 0.36479 0.45873 0.21123 4
0.55469 0.96674 0.87652 0.81219 0.71068 0.50602 0.39361 0.31129 -0.0019615 4
1.8617 1.3705 1.0477 0.74488 0.47281 0.24076 0.082445 -0.027579 -0.42094 4
1.9407 1.8905 1.3282 0.95376 0.66023 0.44048 0.29984 0.1431 -0.1958 4
0.35945 0.26071 0.33803 0.25716 0.21033 -0.1222 -0.44212 -0.86061 -1.1146 4
0.50281 0.17978 0.35635 0.21678 0.093179 -0.15316 -0.32444 -0.29319 -0.18388 4
1.1241 0.21997 0.31769 0.4827 0.37829 0.19486 0.029979 0.033908 0.02684 4
1.5586 1.0998 1.0316 0.84161 0.54699 0.31584 0.23508 0.15954 0.41101 4
1.3423 1.0126 0.24244 -0.41654 -0.96026 -1.6184 -2.468 -3.421 -4.3342 4
1.3758 1.0316 0.20129 -0.54923 -1.2051 -1.9536 -2.8982 -3.9345 -4.8958 4
0.66872 -0.45136 -0.67746 -0.76184 -0.81936 -0.82766 -0.80554 -0.83403 -0.55399 4
0.46601 -0.46715 -0.50663 -0.61153 -0.74288 -0.80578 -0.80247 -0.78827 -0.61579 4
0.10849 0.61284 0.37607 0.30006 -0.13266 -0.46245 -0.6836 -0.93841 -1.1133 4
0.35912 1.2908 1.1659 0.98998 0.64058 0.35655 0.19849 -0.048803 -0.3259 4
0.055784 1.5859 1.6563 1.3938 1.1535 0.94321 0.70427 0.41962 0.29992 4
-0.030809 1.2335 1.5095 1.2802 1.1272 0.98814 0.77678 0.3867 0.19637 4
0.77653 0.24891 0.7832 0.7556 0.57403 0.30198 0.030394 -0.18566 -0.38726 4
0.86206 0.26762 0.86495 0.82129 0.63233 0.36068 0.09449 -0.083379 -0.27022 4
0.13488 -1.2481 -1.8834 -2.1725 -2.4494 -2.5741 -2.0412 -0.98437 0.11714 4
0.061598 -1.294 -1.9181 -2.2372 -2.4429 -2.5423 -1.9001 -0.90885 0.10323 4
-0.5245 -1.6058 -2.2216 -2.7907 -3.2591 -3.6908 -3.3516 -2.4794 -2.0461 4
-0.49512 -1.5681 -2.1535 -2.7236 -3.1448 -3.5323 -3.0705 -2.1864 -1.6325 4
